Particle positions: 
x: 0.000000, y: 0.000000	x: 0.000000, y: 100.000000	
x: 100.000000, y: 100.000000	x: 100.000000, y: 0.000000	
